XE: 48.469459
YE: 72.411702
distance: 17.662232
