XE: 98.486811
YE: 32.269095
distance: 46.863530
